Evaluation Metrics:
accuracy: 0.7029914529914529
precision: 0.8166089965397924
recall: 0.7329192546583851
f1: 0.7725040916530278
AUC ROC: 0.6958542499787288
