Evaluation Metrics:
accuracy: 0.7493606138107417
precision: 0.7621951219512195
recall: 0.9259259259259259
f1: 0.8361204013377926
threshold_tuning: {'best_threshold': 0.16122244488977958, 'best_score': 0.841025641025641, 'tuning_performed': True}
