Evaluation Metrics:
accuracy: 0.7416879795396419
precision: 0.8967136150234741
recall: 0.7074074074074074
f1: 0.7908902691511387
AUC ROC: 0.8357055402509947
