Evaluation Metrics:
accuracy: 0.7649572649572649
precision: 0.8117647058823529
recall: 0.8571428571428571
f1: 0.8338368580060423
AUC ROC: 0.8255764485663235
