Evaluation Metrics:
accuracy: 0.7628205128205128
precision: 0.8754448398576512
recall: 0.7639751552795031
f1: 0.8159203980099502
AUC ROC: 0.8712243682464051
