Evaluation Metrics:
accuracy: 0.655982905982906
precision: 0.8060836501901141
recall: 0.6583850931677019
f1: 0.7247863247863248
AUC ROC: 0.6388049859610312
