Evaluation Metrics:
accuracy: 0.6751918158567775
precision: 0.6916890080428955
recall: 0.9555555555555556
f1: 0.80248833592535
threshold_tuning: {'best_threshold': 0.01, 'best_score': 0.7949526813880127, 'tuning_performed': True}
