Evaluation Metrics:
accuracy: 0.7029914529914529
precision: 0.9103139013452914
recall: 0.6304347826086957
f1: 0.744954128440367
AUC ROC: 0.8252573810941888
