Evaluation Metrics:
accuracy: 0.6726342710997443
precision: 0.6858638743455497
recall: 0.9703703703703703
f1: 0.803680981595092
threshold_tuning: {'best_threshold': 0.01, 'best_score': 0.8037383177570093, 'tuning_performed': True}
