Evaluation Metrics:
accuracy: 0.7286324786324786
precision: 0.8947368421052632
recall: 0.6863354037267081
f1: 0.7768014059753954
AUC ROC: 0.8237045860631329
